% -------------------------------------------------------------------
%  Generated by MATLAB on 13-Oct-2021 23:03:21
%  MATLAB version: 9.10.0.1739362 (R2021a) Update 5
% -------------------------------------------------------------------
                                         

chromosome = [0; 1; 1; 1; 1; 1; 1; 1; 0; 0; 0; 0; 1; 1; 1; 1; 0; 0; 0; ...
              1; 0; 1; 0; 0; 0; 1; 0; 1; 0; 1; 1; 1];

