% -------------------------------------------------------------------
%  Generated by MATLAB on 27-Oct-2021 19:38:35
%  MATLAB version: 9.10.0.1739362 (R2021a) Update 5
% -------------------------------------------------------------------
                                  

bestPath = [32 50 29 46 28 42 34 47 30 49 37 33 48 38 45 27 39 44 40 36 ...
            8 16 21 7 19 20 11 3 15 6 12 2 14 22 24 17 23 4 10 9 13 5 1 ...
            18 26 25 41 35 43 31];

