% -------------------------------------------------------------------
%  Generated by MATLAB on 26-Oct-2021 18:34:15
%  MATLAB version: 9.10.0.1739362 (R2021a) Update 5
% -------------------------------------------------------------------
                                 

bestPath = [32 50 29 47 30 34 42 28 48 33 37 49 36 40 44 39 27 45 38 46 ...
            41 35 43 31 25 26 18 1 5 13 9 10 4 23 17 24 22 14 2 12 15 6 ...
            3 11 19 7 21 16 8 20];

