% -------------------------------------------------------------------
%  Generated by MATLAB on 27-Oct-2021 19:50:06
%  MATLAB version: 9.10.0.1739362 (R2021a) Update 5
% -------------------------------------------------------------------
                                  

bestPath = [42 34 47 30 49 37 27 39 44 40 36 20 8 16 21 7 19 11 3 15 6 ...
            12 2 14 22 17 24 23 4 10 9 13 5 1 18 26 25 32 50 29 41 31 43 ...
            35 46 28 48 33 45 38];

