% -------------------------------------------------------------------
%  Generated by MATLAB on 27-Oct-2021 19:40:11
%  MATLAB version: 9.10.0.1739362 (R2021a) Update 5
% -------------------------------------------------------------------
                                  

bestPath = [3 6 15 12 9 10 13 1 18 5 4 23 17 24 2 14 22 7 19 20 8 16 21 ...
            36 49 37 40 44 39 27 45 38 48 33 42 34 30 47 28 46 41 35 43 ...
            31 26 25 32 50 29 11];

